batch_size: 2
best_epoch: 19
learning_rate: 0.0001
num_epochs: 40
num_workers: 2
resize:
- 128
- 128
- 128
rotation_prob: 0.0
val_accuracy: 0.9230769230769231
val_auc: 0.9875
val_f1: 0.9411764705882353
